sourse      slice_len(mas) slice_len(beam) beam(mas) polarisation(%) polarisation(beam)
0003-066    4.32           4.64            0.93      97.9            4.55
0003+380    1.90           2.61            0.73      86.2            2.25
0006+061    2.39           2.72            0.88      97.3            2.64
0007+106    1.74           2.02            0.86      89.3            1.81
0010+405    1.79           2.48            0.72      85.7            2.13
0011+189    2.54           3.09            0.82      76.3            2.36
0012+610    1.56           2.36            0.66      70.4            1.66
0014+813    2.42           3.61            0.67      93.6            3.38
0015-054    2.64           2.87            0.92      88.4            2.53
0016+731    1.82           2.76            0.66      84.0            2.32
0019+058    3.04           3.46            0.88      80.0            2.77
0027+056    2.50           2.84            0.88      87.2            2.48
0041+341    2.27           3.03            0.75      73.9            2.24
0044+566    2.29           3.42            0.67      79.1            2.70
0048-071    2.55           2.74            0.93      95.0            2.60
0048-097    3.35           3.56            0.94      78.9            2.81
0055+300    2.04           2.65            0.77      11.8            0.31
0059+581    2.67           3.99            0.67      94.3            3.76
0106+013    3.44           3.82            0.90      96.7            3.70
0106+612    2.00           3.03            0.66      78.8            2.39
0106+678    2.56           3.89            0.66      87.9            3.42
0109+224    2.15           2.68            0.80      92.7            2.49
0109+351    2.08           2.81            0.74      90.3            2.54
0110+318    2.23           2.93            0.76      91.2            2.67
0111+021    1.31           1.47            0.89      80.0            1.18
0113-118    1.57           1.67            0.94      100.            1.67
0116-219    3.55           3.66            0.97      80.8            2.96
0118-272    0.13           0.13            0.97      100.            0.13
0119+115    1.94           2.28            0.85      94.3            2.15
0122-003    2.83           3.14            0.90      100.            3.14
0128+554    ----           ----            0.67      0.0             0.00
0130-171    2.91           3.03            0.96      96.4            2.93
0133+476    1.99           2.85            0.70      95.5            2.72
0134+579    1.58           2.36            0.67      58.8            1.39
0136+176    2.30           2.81            0.82      97.1            2.73
0138-097    3.32           3.53            0.94      91.4            3.23
0141+268    2.27           2.91            0.78      78.6            2.29
0142-278    2.78           2.87            0.97      96.0            2.75
0149+218    3.54           4.43            0.80      89.8            3.97
0149+710    1.45           2.20            0.66      76.9            1.69
0151+081    2.41           2.77            0.87      91.3            2.53
0159+723    2.61           3.95            0.66      85.1            3.36
0200+304    2.38           3.13            0.76      83.0            2.60
0202-172    3.27           3.41            0.96      97.8            3.33
0202+149    2.88           3.43            0.84      42.9            1.47
0202+319    2.66           3.50            0.76      86.0            3.01
0203-120    3.13           3.33            0.94      83.6            2.78
0208+106    3.36           3.91            0.86      100.            3.91
0210+515    1.31           1.91            0.69      60.0            1.14
0212+735    2.29           3.47            0.66      100.            3.47
0214+083    2.74           3.16            0.87      100.            3.16
0215+015    2.15           2.39            0.90      92.6            2.21
0219+428    1.70           2.40            0.71      88.2            2.11
0224+671    4.53           6.87            0.66      98.4            6.76
0229+131    2.83           3.37            0.84      96.9            3.26
0234+285    2.33           3.03            0.77      100.            3.03
0235+164    3.04           3.66            0.83      91.7            3.36
0238-084    ----           ----            0.93      0.0             0.00
0238+711    1.64           2.49            0.66      85.2            2.12
0239+843    2.20           3.29            0.67      71.0            2.33
0241+622    2.56           3.87            0.66      48.6            1.88
0250-225    4.28           4.42            0.97      78.4            3.46
0250+320    2.11           2.78            0.76      100.            2.78
0256+075    2.44           2.81            0.87      100.            2.81
0300+470    3.19           4.56            0.70      91.4            4.17
0301-243    1.87           1.93            0.97      86.4            1.67
0303+490    1.80           2.60            0.69      78.9            2.05
0305+039    2.05           2.30            0.89      86.7            1.99
0306+102    1.89           2.20            0.86      100.            2.20
0309+411    1.32           1.84            0.72      82.4            1.51
0313+411    1.62           2.24            0.72      73.9            1.66
0316+413    3.40           4.72            0.72      12.9            0.61
0321+340    2.14           2.86            0.75      100.            2.86
0329+654    1.76           2.67            0.66      42.4            1.13
0333+321    2.15           2.83            0.76      100.            2.83
0336-019    5.09           5.59            0.91      98.0            5.47
0346+800    1.31           1.99            0.66      100.            1.99
0347-211    3.08           3.21            0.96      92.5            2.97
0355+508    2.74           3.97            0.69      88.9            3.53
0400+258    2.92           3.69            0.79      100.            3.69
0403-132    2.66           2.80            0.95      93.6            2.62
0414-189    3.25           3.39            0.96      76.6            2.59
0415+379    3.08           4.22            0.73      100.            4.22
0420-014    3.03           3.33            0.91      89.7            2.99
0420+417    1.99           2.76            0.72      100.            2.76
0422+004    4.45           4.94            0.90      78.2            3.87
0429+415    3.38           4.70            0.72      100.            4.70
0430+052    4.22           4.79            0.88      96.3            4.62
0430+289    2.54           3.30            0.77      80.0            2.64
0440-003    3.18           3.53            0.90      100.            3.53
0446+112    3.57           4.20            0.85      98.1            4.12
0451-282    3.01           3.10            0.97      92.5            2.87
0454-234    4.43           4.57            0.97      93.0            4.25
0454+844    1.53           2.29            0.67      90.0            2.06
0458-020    2.60           2.86            0.91      94.4            2.70
0502+049    2.90           3.29            0.88      100.            3.29
0506+056    3.45           3.92            0.88      92.0            3.60
0507+179    2.26           2.75            0.82      97.0            2.67
0509+406    3.50           4.86            0.72      96.0            4.66
0518+211    3.26           4.02            0.81      95.5            3.84
0519+011    2.59           2.87            0.90      91.7            2.63
0528+134    3.07           3.66            0.84      100.            3.66
0529+075    5.04           5.80            0.87      98.0            5.68
0529+483    2.07           2.96            0.70      93.8            2.78
0536+145    2.51           2.99            0.84      87.0            2.60
0539-057    3.20           3.48            0.92      92.3            3.21
0552+398    3.21           4.40            0.73      94.0            4.14
0603+476    2.20           3.14            0.70      88.9            2.79
0605-085    5.70           6.13            0.93      82.7            5.07
0605-153    3.48           3.66            0.95      79.7            2.92
0607-157    3.67           3.86            0.95      83.3            3.22
0609+413    1.63           2.26            0.72      85.7            1.94
0613+570    2.30           3.44            0.67      73.9            2.54
0615-172    2.86           2.98            0.96      53.6            1.60
0619+334    2.45           3.27            0.75      76.9            2.51
0621+446    2.05           2.89            0.71      80.0            2.31
0627-199    2.95           3.07            0.96      89.6            2.75
0636+680    1.98           2.99            0.66      86.7            2.60
0640+090    3.30           3.84            0.86      83.7            3.21
0642+449    2.68           3.77            0.71      87.8            3.31
0646+600    0.88           1.32            0.67      42.9            0.57
0648-165    4.56           4.75            0.96      86.8            4.12
0650+453    1.63           2.29            0.71      90.6            2.08
0650+507    2.25           3.26            0.69      80.0            2.61
0700-197    2.83           2.95            0.96      100.            2.95
0708+506    2.27           3.29            0.69      90.0            2.96
0710+196    1.40           1.71            0.82      18.5            0.32
0716+332    2.42           3.23            0.75      70.2            2.27
0716+714    2.45           3.71            0.66      100.            3.71
0722+145    2.66           3.17            0.84      96.2            3.05
0723-008    2.84           3.12            0.91      97.4            3.04
0727-115    4.39           4.67            0.94      74.5            3.48
0730+504    1.98           2.87            0.69      95.7            2.74
0735+178    3.11           3.80            0.82      100.            3.80
0736+017    2.95           3.28            0.90      100.            3.28
0738+313    2.83           3.73            0.76      89.3            3.33
0738+548    2.00           2.94            0.68      93.5            2.75
0742+103    2.50           2.91            0.86      75.9            2.21
0743-006    2.75           3.02            0.91      94.4            2.85
0745+241    2.53           3.16            0.80      88.9            2.81
0748+126    3.34           3.93            0.85      97.4            3.83
0749+540    2.20           3.23            0.68      100.            3.23
0752-116    4.64           4.94            0.94      94.1            4.65
0754+100    2.77           3.22            0.86      97.2            3.13
0804-055    2.24           2.44            0.92      91.7            2.23
0804+499    2.62           3.80            0.69      76.5            2.91
0805-077    2.95           3.17            0.93      100.            3.17
0806+524    2.49           3.67            0.68      81.8            3.00
0808+019    2.66           2.95            0.90      91.7            2.71
0810+646    1.70           2.58            0.66      88.6            2.29
0814+425    2.37           3.29            0.72      90.9            2.99
0815-094    3.43           3.65            0.94      89.7            3.27
0821+394    1.56           2.13            0.73      100.            2.13
0821+621    2.01           3.05            0.66      76.9            2.35
0823-223    3.27           3.37            0.97      87.9            2.96
0823+033    2.68           3.01            0.89      96.8            2.91
0827+243    2.87           3.63            0.79      100.            3.63
0829+046    2.90           3.30            0.88      88.9            2.93
0834-201    3.53           3.67            0.96      100.            3.67
0836+182    1.54           1.88            0.82      83.3            1.56
0836+710    2.28           3.45            0.66      100.            3.45
0837+012    3.05           3.39            0.90      100.            3.39
0838+133    1.75           2.05            0.85      90.6            1.86
0845-068    2.98           3.21            0.93      93.3            2.99
0846+513    2.11           3.06            0.69      86.0            2.63
0847-120    2.62           2.78            0.94      90.9            2.53
0850+581    2.26           3.38            0.67      78.3            2.64
0851+202    3.28           4.05            0.81      100.            4.05
0854-108    1.94           2.06            0.94      91.7            1.89
0859-140    3.02           3.18            0.95      96.4            3.07
0859+210    1.91           2.35            0.81      73.7            1.73
0903-088    2.85           3.03            0.94      90.6            2.75
0906+015    3.05           3.39            0.90      100.            3.39
0910-208    2.44           2.54            0.96      88.6            2.25
0912+297    1.56           2.02            0.77      80.0            1.62
0916+864    2.29           3.36            0.68      83.8            2.82
0917+449    2.14           3.02            0.71      100.            3.02
0917+624    2.70           4.10            0.66      94.6            3.87
0922+316    2.04           2.68            0.76      88.5            2.37
0923+392    2.54           3.48            0.73      100.            3.48
0925+504    2.28           3.30            0.69      100.            3.30
0938-076    3.13           3.36            0.93      79.5            2.67
0938-133    2.98           3.14            0.95      93.5            2.94
0939-077    2.51           2.70            0.93      95.5            2.58
0945+408    2.93           4.07            0.72      100.            4.07
0946+006    3.05           3.38            0.90      73.3            2.48
0953+254    2.41           3.05            0.79      93.1            2.84
0954+658    2.04           3.09            0.66      100.            3.09
0955+476    2.24           3.21            0.70      94.1            3.02
1011+496    2.57           3.73            0.69      90.0            3.36
1013+054    2.52           2.86            0.88      77.4            2.21
1015+359    1.87           2.53            0.74      89.5            2.26
1027+749    1.75           2.65            0.66      92.0            2.43
1030+415    2.25           3.12            0.72      80.0            2.50
1030+611    1.75           2.65            0.66      88.9            2.35
1034-293    3.69           3.80            0.97      94.7            3.60
1036+054    2.33           2.65            0.88      90.5            2.39
1038+064    3.26           3.70            0.88      93.1            3.45
1040+244    2.61           3.30            0.79      91.5            3.02
1044+719    4.53           6.86            0.66      74.6            5.12
1045-188    1.74           1.81            0.96      93.8            1.70
1055+018    3.20           3.55            0.90      86.7            3.08
1055+567    3.05           4.56            0.67      62.1            2.83
1101+384    1.87           2.56            0.73      90.9            2.33
1118-056    2.82           3.07            0.92      92.6            2.84
1118+073    1.48           1.71            0.87      91.7            1.56
1124-186    3.41           3.55            0.96      81.8            2.91
1127-145    5.07           5.33            0.95      100.            5.33
1128-047    ----           ----            0.92      0.0             0.00
1128+385    2.65           3.64            0.73      89.1            3.24
1133+704    2.11           3.20            0.66      86.4            2.77
1139+160    2.64           3.18            0.83      82.1            2.61
1142+198    1.61           1.96            0.82      90.0            1.76
1144+402    2.49           3.40            0.73      97.9            3.33
1145-071    3.17           3.41            0.93      95.5            3.26
1147+245    2.60           3.29            0.79      82.2            2.71
1148-001    2.67           2.97            0.90      88.2            2.62
1150+497    2.00           2.90            0.69      96.6            2.80
1150+812    3.16           4.72            0.67      100.            4.72
1151+408    3.83           5.31            0.72      92.6            4.92
1156+295    2.39           3.10            0.77      100.            3.10
1157-215    1.71           1.76            0.97      75.0            1.32
1200+608    1.69           2.53            0.67      82.9            2.09
1202-262    2.70           2.78            0.97      85.7            2.38
1206+416    2.78           3.87            0.72      76.5            2.96
1213-172    2.62           2.72            0.96      100.            2.72
1215+303    2.02           2.62            0.77      92.6            2.43
1219+044    2.17           2.44            0.89      82.5            2.01
1219+285    1.83           2.35            0.78      95.0            2.23
1222+216    2.79           3.44            0.81      93.9            3.23
1224-132    2.95           3.11            0.95      98.1            3.05
1226+023    ----           ----            0.89      0.0             0.00
1227+255    2.55           3.22            0.79      97.4            3.14
1228+126    4.04           4.75            0.85      100.            4.75
1236+049    2.33           2.64            0.88      79.3            2.10
1236+077    2.59           2.97            0.87      100.            2.97
1243-072    2.27           2.44            0.93      100.            2.44
1244-255    2.99           3.08            0.97      95.8            2.96
1246+586    1.56           2.33            0.67      51.4            1.20
1250+532    4.18           6.14            0.68      87.9            5.40
1253-055    3.26           3.55            0.92      100.            3.55
1300+248    2.47           3.13            0.79      51.4            1.61
1302-102    2.78           2.96            0.94      87.5            2.59
1307+121    2.69           3.17            0.85      95.0            3.01
1308+326    2.76           3.63            0.76      92.9            3.37
1310+487    1.96           2.80            0.70      87.5            2.45
1318+225    1.91           2.39            0.80      93.3            2.23
1324+224    2.43           3.03            0.80      82.9            2.51
1329-049    2.85           3.10            0.92      100.            3.10
1329-126    1.50           1.58            0.95      83.3            1.32
1331+170    1.58           1.90            0.83      51.6            0.98
1334-127    2.49           2.62            0.95      100.            2.62
1341-171    3.68           3.83            0.96      95.0            3.64
1343+451    2.16           3.05            0.71      92.9            2.83
1345+125    1.70           2.00            0.85      85.7            1.72
1348+308    2.30           2.99            0.77      73.2            2.19
1402+044    2.16           2.45            0.88      90.0            2.21
1404+286    2.55           3.31            0.77      36.8            1.22
1406-076    4.64           4.99            0.93      100.            4.99
1413+135    2.64           3.14            0.84      70.4            2.21
1417+385    3.96           5.42            0.73      63.3            3.43
1418-110    1.55           1.65            0.94      68.4            1.13
1418+546    1.90           2.80            0.68      93.8            2.62
1420+326    2.27           2.98            0.76      81.0            2.42
1424+240    4.62           5.77            0.80      88.0            5.08
1435+638    0.46           0.69            0.66      100.            0.69
1441+252    2.63           3.33            0.79      89.7            2.98
1458+718    0.70           1.06            0.66      100.            1.06
1502+036    2.56           2.87            0.89      70.5            2.03
1502+106    3.91           4.54            0.86      95.2            4.33
1504-166    2.21           2.30            0.96      77.8            1.79
1509+054    1.19           1.35            0.88      57.1            0.77
1510-089    3.28           3.48            0.94      100.            3.48
1514-241    ----           ----            0.97      0.0             0.00
1514+004    2.57           2.86            0.90      93.3            2.67
1514+197    2.20           2.68            0.82      96.7            2.60
1515-273    2.21           2.28            0.97      92.5            2.11
1519-273    2.97           3.06            0.97      97.7            2.99
1520+319    4.88           6.42            0.76      68.4            4.39
1529-131    1.92           2.02            0.95      95.5            1.93
1532+016    5.66           6.29            0.90      100.            6.29
1537+279    2.53           3.24            0.78      75.0            2.43
1538+149    2.27           2.70            0.84      96.4            2.60
1541+050    2.67           3.03            0.88      93.5            2.83
1542+616    2.13           3.23            0.66      81.8            2.64
1546+027    3.17           3.56            0.89      100.            3.56
1548+056    4.59           5.22            0.88      95.7            4.99
1549+089    1.51           1.75            0.86      90.9            1.59
1550+582    1.55           2.31            0.67      69.0            1.60
1551+130    3.38           3.98            0.85      100.            3.98
1553+113    3.18           3.74            0.85      83.3            3.11
1557+565    2.04           3.05            0.67      82.4            2.51
1602+576    ----           ----            0.67      0.0             0.00
1603+573    2.02           3.01            0.67      97.0            2.92
1604+159    2.90           3.49            0.83      93.5            3.27
1606+106    2.33           2.71            0.86      100.            2.71
1611+343    7.88           10.5            0.75      100.            10.5
1617+229    2.63           3.29            0.80      87.1            2.87
1622-253    4.12           4.25            0.97      92.9            3.95
1622-297    3.61           3.72            0.97      100.            3.72
1623+569    1.43           2.14            0.67      90.9            1.95
1633+382    2.82           3.86            0.73      96.7            3.73
1636+473    2.03           2.90            0.70      100.            2.90
1637+574    2.43           3.62            0.67      100.            3.62
1637+826    ----           ----            0.67      0.0             0.00
1638+118    2.01           2.36            0.85      86.5            2.04
1638+398    4.65           6.36            0.73      86.7            5.51
1641+399    2.24           3.07            0.73      100.            3.07
1642+690    2.04           3.08            0.66      100.            3.08
1652+398    3.89           5.33            0.73      86.4            4.60
1655+077    2.65           3.04            0.87      93.8            2.85
1656+482    2.01           2.87            0.70      80.0            2.30
1700+685    2.06           3.12            0.66      76.7            2.39
1708+433    1.54           2.16            0.71      86.7            1.87
1716+686    1.72           2.60            0.66      94.4            2.46
1717+178    2.53           3.09            0.82      97.7            3.01
1722+401    1.60           2.19            0.73      28.6            0.63
1725+044    2.26           2.57            0.88      78.8            2.02
1725+123    2.46           2.90            0.85      100.            2.90
1726+455    2.25           3.21            0.70      97.8            3.14
1727+502    1.78           2.58            0.69      75.0            1.94
1730-130    3.99           4.20            0.95      100.            4.20
1732+389    2.26           3.10            0.73      89.5            2.77
1738+476    1.87           2.67            0.70      94.7            2.53
1738+499    2.46           3.56            0.69      76.7            2.73
1739+522    2.90           4.27            0.68      95.7            4.08
1741-038    3.35           3.64            0.92      100.            3.64
1741+196    1.81           2.20            0.82      86.2            1.90
1742-078    2.51           2.69            0.93      100.            2.69
1749+096    3.09           3.59            0.86      81.6            2.93
1749+701    1.93           2.92            0.66      91.3            2.67
1751+288    2.09           2.71            0.77      92.3            2.50
1754+155    2.57           3.09            0.83      88.9            2.75
1758+388    2.13           2.91            0.73      92.7            2.70
1800+440    2.30           3.23            0.71      97.1            3.14
1803+784    2.44           3.69            0.66      100.            3.69
1807+698    2.15           3.25            0.66      100.            3.25
1811+062    2.72           3.09            0.88      92.1            2.84
1823+568    1.85           2.76            0.67      95.8            2.64
1827+062    2.79           3.18            0.88      88.5            2.81
1827+133    1.02           1.21            0.84      88.2            1.07
1828+487    2.13           3.08            0.69      100.            3.08
1833+326    1.54           2.03            0.76      50.0            1.02
1842+681    2.12           3.21            0.66      95.5            3.07
1845+797    ----           ----            0.66      0.0             0.00
1846+322    2.54           3.34            0.76      76.9            2.57
1846+326    2.31           3.04            0.76      95.2            2.89
1849+670    2.10           3.18            0.66      87.5            2.79
1851+488    2.59           3.76            0.69      75.8            2.85
1856+737    1.50           2.28            0.66      89.5            2.04
1901+319    2.28           3.00            0.76      100.            3.00
1902+556    1.83           2.73            0.67      77.3            2.11
1908-201    4.05           4.21            0.96      75.0            3.16
1914-194    2.98           3.10            0.96      94.7            2.94
1920-211    5.56           5.79            0.96      90.8            5.26
1921-293    3.38           3.49            0.97      100.            3.49
1923+123    2.14           2.52            0.85      75.6            1.91
1923+210    2.42           2.99            0.81      100.            2.99
1926+611    2.42           3.67            0.66      96.0            3.53
1928+738    3.07           4.65            0.66      97.2            4.52
1936-155    2.83           2.98            0.95      72.7            2.17
1944+838    1.55           2.31            0.67      83.3            1.93
1951-115    3.15           3.35            0.94      83.3            2.79
1954+513    2.30           3.33            0.69      93.3            3.11
1957+405    2.26           3.13            0.72      24.1            0.76
1958-179    2.95           3.07            0.96      93.1            2.86
1959+650    1.43           2.17            0.66      90.9            1.97
2005+403    3.16           4.38            0.72      100.            4.38
2007+777    1.51           2.28            0.66      90.6            2.07
2008-159    2.74           2.89            0.95      91.1            2.63
2010+463    2.56           3.66            0.70      91.2            3.34
2012-017    1.88           2.07            0.91      88.9            1.84
2013-092    2.89           3.08            0.94      15.7            0.48
2013+163    2.57           3.09            0.83      90.0            2.78
2013+370    2.95           3.99            0.74      74.2            2.96
2021+317    2.42           3.19            0.76      90.7            2.89
2021+614    2.86           4.33            0.66      81.0            3.50
2022-077    2.34           2.52            0.93      92.6            2.33
2022+171    3.63           4.38            0.83      80.0            3.50
2023+760    1.71           2.58            0.66      100.            2.58
2027-065    2.57           2.76            0.93      83.3            2.30
2028+492    1.87           2.71            0.69      79.3            2.15
2029+121    2.79           3.28            0.85      90.5            2.96
2031+216    0.27           0.33            0.81      33.3            0.11
2032+107    1.66           1.93            0.86      73.9            1.42
2037+511    3.42           4.96            0.69      95.5            4.73
2043+749    1.48           2.24            0.66      14.3            0.32
2047+039    2.69           3.02            0.89      100.            3.02
2047+098    ----           ----            0.86      0.0             0.00
2100+468    1.93           2.75            0.70      69.7            1.92
2113+293    2.66           3.45            0.77      66.0            2.28
2115+000    2.31           2.57            0.90      74.3            1.91
2121+053    4.79           5.44            0.88      85.1            4.63
2128-123    3.25           3.46            0.94      100.            3.46
2131-021    2.96           3.26            0.91      100.            3.26
2134+004    2.57           2.86            0.90      100.            2.86
2136+141    2.85           3.40            0.84      96.3            3.27
2141+175    2.44           2.98            0.82      71.4            2.13
2144+092    2.43           2.82            0.86      86.4            2.44
2145+067    3.19           3.67            0.87      96.2            3.53
2150+173    3.69           4.50            0.82      90.7            4.09
2155-152    3.51           3.69            0.95      100.            3.69
2155+312    1.88           2.48            0.76      96.9            2.40
2157+102    2.21           2.57            0.86      100.            2.57
2157+213    1.82           2.24            0.81      83.3            1.87
2159+505    2.24           3.25            0.69      82.1            2.67
2200+420    5.52           7.67            0.72      96.3            7.38
2201+171    2.61           3.14            0.83      96.4            3.03
2201+315    2.39           3.15            0.76      100.            3.15
2209+236    2.15           2.69            0.80      100.            2.69
2210+277    2.16           2.77            0.78      77.1            2.13
2216-038    2.74           2.98            0.92      97.7            2.91
2216+178    2.64           3.22            0.82      63.3            2.04
2223-052    4.18           4.54            0.92      100.            4.54
2223+210    2.23           2.76            0.81      100.            2.76
2227-088    2.94           3.16            0.93      92.9            2.93
2230+114    3.51           4.13            0.85      94.1            3.88
2233-148    2.82           2.97            0.95      97.6            2.89
2234+282    1.62           2.11            0.77      91.7            1.93
2241+406    1.71           2.38            0.72      83.3            1.98
2243-123    ----           ----            0.94      0.0             0.00
2247-283    2.75           2.83            0.97      95.2            2.70
2251+158    4.58           5.52            0.83      95.5            5.27
2254+074    2.42           2.79            0.87      83.9            2.34
2255-282    3.08           3.17            0.97      100.            3.17
2258-022    3.04           3.34            0.91      98.0            3.27
2308+341    3.40           4.54            0.75      90.2            4.09
2319+317    3.05           4.02            0.76      93.1            3.74
2320-035    2.67           2.90            0.92      89.3            2.59
2325+093    2.54           2.95            0.86      82.1            2.42
2331+073    2.64           3.03            0.87      93.8            2.85
2342-161    2.55           2.69            0.95      96.3            2.59
2344+514    1.63           2.36            0.69      72.0            1.70
2345-167    3.27           3.41            0.96      100.            3.41
2351+456    2.47           3.53            0.70      100.            3.53
2353+816    2.49           3.72            0.67      77.8            2.89
2356+196    2.20           2.71            0.81      84.6            2.30
